=== SPRINGER NOTEBOOK V6 (PUBLISHABLE-LEVEL, PEDAGOGICAL) ===
Loaded cover image and initialized experiment.
=== SMOKE TEST RESULTS ===
 alpha  model  payload_ratio  accuracy      auc
   0.5 logreg           0.01  0.590909 0.727273
   0.5     rf           0.01  0.590909 0.735537
=== PAYLOAD-ALPHA SWEEP RESULTS (V6) ===
 payload_ratio payload_regime  alpha      auc      psnr  ber  mean_shift_l2  fisher_separation  js_lsb_mean  tradeoff_score_legacy  tradeoff_score_payload_aware  tradeoff_score_constrained
          0.01            low   0.00 0.599174 71.452605  0.0       0.002906           0.040308     0.000389               0.053832                      0.053832                    1.053832
          0.01            low   0.25 0.669421 71.612130  0.0       0.003085           0.044255     0.001549               0.124194                      0.124194                    1.124194
          0.01            low   0.50 0.731405 71.244103  0.0       0.002879           0.039665     0.000389               0.181494                      0.181494                    1.181494
          0.01            low   0.75 0.698347 71.163427  0.0       0.003028           0.042789     0.000389               0.154574                      0.154574                    1.154574
          0.01            low   1.00 0.702479 71.032210  0.0       0.002884           0.040192     0.000389               0.157474                      0.157474                    1.157474
          0.03            low   0.00 0.669421 66.491024  0.0       0.002897           0.040612     0.000389               0.193487                      0.172058                    1.172058
          0.03            low   0.25 0.619835 66.383342  0.0       0.002865           0.040312     0.000389               0.147763                      0.126334                    1.126334
          0.03            low   0.50 0.652893 66.374488  0.0       0.003435           0.050486     0.003479               0.194801                      0.173373                    1.173373
          0.03            low   0.75 0.595041 66.313010  0.0       0.002931           0.041354     0.003479               0.130933                      0.109504                    1.109504
          0.03            low   1.00 0.590909 66.304298  0.0       0.002933           0.042130     0.003479               0.127898                      0.106469                    1.106469
          0.05         medium   0.00 0.640496 64.205818  0.0       0.003886           0.059360     0.000393               0.223609                      0.180751                    0.180751
          0.05         medium   0.25 0.673554 64.235444  0.0       0.003456           0.051828     0.000000               0.245686                      0.202829                    0.202829
          0.05         medium   0.50 0.698347 64.205818  0.0       0.003716           0.056289     0.000389               0.275161                      0.232304                    0.232304
          0.05         medium   0.75 0.677686 64.251690  0.0       0.003312           0.045575     0.000393               0.243574                      0.200717                    0.200717
          0.05         medium   1.00 0.657025 64.254403  0.0       0.003355           0.049308     0.000393               0.227593                      0.184736                    0.184736
          0.10         medium   0.00 0.698347 61.113096  0.0       0.004905           0.092200     0.001549               0.368894                      0.272466                    0.272466
          0.10         medium   0.25 0.723140 61.171427  0.0       0.005677           0.122208     0.003479               0.424646                      0.328218                    0.328218
          0.10         medium   0.50 0.644628 61.147470  0.0       0.005399           0.109131     0.001549               0.334644                      0.238215                    0.238215
          0.10         medium   0.75 0.768595 61.132894  0.0       0.005260           0.105348     0.001549               0.448612                      0.352183                    0.352183
          0.10         medium   1.00 0.694215 61.156771  0.0       0.005861           0.123465     0.001549               0.396341                      0.299912                    0.299912
          0.15           high   0.00 0.896694 59.396302  0.0       0.008752           0.266138     0.001549               0.765591                      0.615591                    0.615591
          0.15           high   0.25 0.925620 59.396302  0.0       0.008604           0.285042     0.001549               0.810767                      0.660767                    0.660767
          0.15           high   0.50 0.789256 59.395415  0.0       0.008191           0.242183     0.000000               0.637177                      0.487177                    0.487177
          0.15           high   0.75 0.851240 59.414966  0.0       0.008283           0.262342     0.000389               0.715670                      0.565670                    0.565670
          0.15           high   1.00 0.876033 59.452536  0.0       0.008747           0.277658     0.000000               0.753659                      0.603659                    0.603659
=== PHASE-OPTIMAL WHITENING RESULTS (PAYLOAD-AWARE) ===
 payload_ratio payload_regime  alpha_star_phase      auc      psnr  ber  mean_shift_l2  fisher_separation  js_lsb_mean  tradeoff_score_legacy  tradeoff_score_payload_aware  tradeoff_score_constrained
          0.01            low               0.0 0.599174 71.452605  0.0       0.002906           0.040308     0.000389               0.053832                      0.053832                    1.053832
          0.03            low               1.0 0.590909 66.304298  0.0       0.002933           0.042130     0.003479               0.127898                      0.106469                    1.106469
          0.05         medium               0.0 0.640496 64.205818  0.0       0.003886           0.059360     0.000393               0.223609                      0.180751                    0.180751
          0.10         medium               0.5 0.644628 61.147470  0.0       0.005399           0.109131     0.001549               0.334644                      0.238215                    0.238215
          0.15           high               0.5 0.789256 59.395415  0.0       0.008191           0.242183     0.000000               0.637177                      0.487177                    0.487177
=== PHASE-OPTIMAL WHITENING RESULTS (REALISTIC PAYLOAD-CONSTRAINED) ===
 payload_ratio payload_regime  alpha_star_realistic      auc      psnr  ber  mean_shift_l2  fisher_separation  js_lsb_mean  tradeoff_score_legacy  tradeoff_score_payload_aware  tradeoff_score_constrained
          0.05         medium                   0.0 0.640496 64.205818  0.0       0.003886           0.059360     0.000393               0.223609                      0.180751                    0.180751
          0.10         medium                   0.5 0.644628 61.147470  0.0       0.005399           0.109131     0.001549               0.334644                      0.238215                    0.238215
          0.15           high                   0.5 0.789256 59.395415  0.0       0.008191           0.242183     0.000000               0.637177                      0.487177                    0.487177
=== FEATURE DIVERGENCE RESULTS (V6) ===
 alpha  mean_shift_l2  fisher_separation  js_lsb_mean  js_lsb_transition  kl_cover_to_stego  kl_stego_to_cover  delta_mean_intensity  delta_grad_x_mean  delta_grad_y_mean  delta_lsb_mean  payload_ratio
  0.00       0.002906           0.040308     0.000389                0.0           0.001552           0.001557              0.000970           0.000155           0.000619        0.000315           0.01
  0.25       0.003085           0.044255     0.001549                0.0           0.006186           0.006211              0.000987           0.000154           0.000615        0.000296           0.01
  0.50       0.002879           0.039665     0.000389                0.0           0.001552           0.001557              0.000987           0.000219           0.000573        0.000315           0.01
  0.75       0.003028           0.042789     0.000389                0.0           0.001552           0.001557              0.000982           0.000175           0.000639        0.000313           0.01
  1.00       0.002884           0.040192     0.000389                0.0           0.001552           0.001557              0.000976           0.000207           0.000625        0.000319           0.01
  0.00       0.002897           0.040612     0.000389                0.0           0.001552           0.001557              0.001024           0.000062           0.000038        0.000099           0.03
  0.25       0.002865           0.040312     0.000389                0.0           0.001552           0.001557              0.001030           0.000027           0.000155        0.000143           0.03
  0.50       0.003435           0.050486     0.003479                0.0           0.013910           0.013954              0.001035           0.000310           0.000171        0.000029           0.03
  0.75       0.002931           0.041354     0.003479                0.0           0.013910           0.013954              0.001032           0.000072           0.000053        0.000028           0.03
  1.00       0.002933           0.042130     0.003479                0.0           0.013910           0.013954              0.001035           0.000036           0.000067        0.000093           0.03
  0.00       0.003886           0.059360     0.000393                0.0           0.001578           0.001570              0.001035           0.000790           0.000765        0.000208           0.05
  0.25       0.003456           0.051828     0.000000                0.0           0.000000           0.000000              0.001039           0.000573           0.000581        0.000248           0.05
  0.50       0.003716           0.056289     0.000389                0.0           0.001552           0.001557              0.001053           0.000404           0.000593        0.000239           0.05
  0.75       0.003312           0.045575     0.000393                0.0           0.001578           0.001570              0.001045           0.000368           0.000510        0.000285           0.05
  1.00       0.003355           0.049308     0.000393                0.0           0.001578           0.001570              0.001051           0.000363           0.000623        0.000232           0.05
  0.00       0.004905           0.092200     0.001549                0.0           0.006186           0.006211              0.001105           0.001662           0.001943        0.000023           0.10
  0.25       0.005677           0.122208     0.003479                0.0           0.013910           0.013954              0.001104           0.002204           0.001821        0.000040           0.10
  0.50       0.005399           0.109131     0.001549                0.0           0.006186           0.006211              0.001115           0.002136           0.002000        0.000008           0.10
  0.75       0.005260           0.105348     0.001549                0.0           0.006186           0.006211              0.001099           0.001843           0.001967        0.000125           0.10
  1.00       0.005861           0.123465     0.001549                0.0           0.006186           0.006211              0.001086           0.002286           0.002326        0.000202           0.10
  0.00       0.008752           0.266138     0.001549                0.0           0.006186           0.006211              0.001087           0.004757           0.004435        0.000019           0.15
  0.25       0.008604           0.285042     0.001549                0.0           0.006186           0.006211              0.001096           0.004645           0.004034        0.000054           0.15
  0.50       0.008191           0.242183     0.000000                0.0           0.000000           0.000000              0.001080           0.004442           0.004083        0.000129           0.15
  0.75       0.008283           0.262342     0.000389                0.0           0.001552           0.001557              0.001103           0.004566           0.004200        0.000269           0.15
  1.00       0.008747           0.277658     0.000000                0.0           0.000000           0.000000              0.001091           0.004152           0.003969        0.000354           0.15
=== SENDER-WARDEN TRADEOFF TABLE (V6) ===
 payload_ratio  model payload_regime  alpha_star  accuracy      auc      mse      psnr  ber  mean_shift_l2  fisher_separation  js_lsb_mean  js_lsb_transition  kl_cover_to_stego  kl_stego_to_cover  delta_mean_intensity  delta_grad_x_mean  delta_grad_y_mean  delta_lsb_mean  auc_excess  inv_psnr  payload_norm  auc_norm  divergence_proxy  divergence_norm  distortion_norm  tradeoff_score_legacy  tradeoff_score_payload_aware  feasible_payload  tradeoff_score_constrained
          0.01 logreg            low        0.00  0.590909 0.652893 0.004654 71.452605  0.0       0.002906           0.040308     0.000389                0.0           0.001552           0.001557              0.000970           0.000155           0.000619        0.000315    0.152893  0.013995      0.000000  0.254902          0.009631         0.002721         0.010854               0.104812                      0.104812             False                    1.104812
          0.01     rf            low        0.00  0.545455 0.545455 0.004654 71.452605  0.0       0.002906           0.040308     0.000389                0.0           0.001552           0.001557              0.000970           0.000155           0.000619        0.000315    0.045455  0.013995      0.000000  0.000000          0.009631         0.002721         0.010854               0.002851                      0.002851             False                    1.002851
          0.03 logreg            low        1.00  0.409091 0.636364 0.015228 66.304298  0.0       0.002933           0.042130     0.003479                0.0           0.013910           0.013954              0.001035           0.000036           0.000067        0.000093    0.136364  0.015082      0.142857  0.215686          0.010936         0.027681         0.389201               0.171035                      0.149606             False                    1.149606
          0.03     rf            low        0.75  0.500000 0.545455 0.015198 66.313010  0.0       0.002931           0.041354     0.003479                0.0           0.013910           0.013954              0.001032           0.000072           0.000053        0.000028    0.045455  0.015080      0.142857  0.000000          0.010780         0.024687         0.388511               0.083874                      0.062445             False                    1.062445
          0.05 logreg         medium        0.00  0.590909 0.652893 0.024689 64.205818  0.0       0.003886           0.059360     0.000393                0.0           0.001578           0.001570              0.001035           0.000790           0.000765        0.000208    0.152893  0.015575      0.285714  0.254902          0.013933         0.084991         0.560823               0.235373                      0.192516              True                    0.192516
          0.05     rf         medium        1.00  0.590909 0.628099 0.024414 64.254403  0.0       0.003355           0.049308     0.000393                0.0           0.001578           0.001570              0.001051           0.000363           0.000623        0.000232    0.128099  0.015563      0.285714  0.196078          0.011657         0.041465         0.556723               0.200142                      0.157285              True                    0.157285
          0.10 logreg         medium        0.50  0.636364 0.685950 0.049927 61.147470  0.0       0.005399           0.109131     0.001549                0.0           0.006186           0.006211              0.001115           0.002136           0.002000        0.000008    0.185950  0.016354      0.642857  0.333333          0.024990         0.296472         0.832042               0.373860                      0.277431              True                    0.277431
          0.10     rf         medium        0.50  0.545455 0.603306 0.049927 61.147470  0.0       0.005399           0.109131     0.001549                0.0           0.006186           0.006211              0.001115           0.002136           0.002000        0.000008    0.103306  0.016354      0.642857  0.137255          0.024990         0.296472         0.832042               0.295428                      0.199000              True                    0.199000
          0.15 logreg           high        0.50  0.772727 0.900826 0.074738 59.395415  0.0       0.008191           0.242183     0.000000                0.0           0.000000           0.000000              0.001080           0.004442           0.004083        0.000129    0.400826  0.016836      1.000000  0.843137          0.052532         0.823220         1.000000               0.743060                      0.593060              True                    0.593060
          0.15     rf           high        0.50  0.590909 0.677686 0.074738 59.395415  0.0       0.008191           0.242183     0.000000                0.0           0.000000           0.000000              0.001080           0.004442           0.004083        0.000129    0.177686  0.016836      1.000000  0.313725          0.052532         0.823220         1.000000               0.531295                      0.381295              True                    0.381295
=== PARETO FRONT (V6) ===
 payload_ratio  alpha  model      auc      psnr  mean_shift_l2  tradeoff_score_constrained
          0.05   1.00     rf 0.628099 64.254403       0.003355                    0.157285
          0.05   0.75 logreg 0.669421 64.251690       0.003312                    0.192874
          0.10   0.50     rf 0.603306 61.147470       0.005399                    0.199000
          0.10   0.00     rf 0.661157 61.113096       0.004905                    0.237172
          0.10   1.00 logreg 0.694215 61.156771       0.005861                    0.299912
          0.10   1.00     rf 0.694215 61.156771       0.005861                    0.299912
          0.10   0.25     rf 0.719008 61.171427       0.005677                    0.324296
          0.10   0.75     rf 0.743802 61.132894       0.005260                    0.328654
          0.15   0.50     rf 0.677686 59.395415       0.008191                    0.381295
          0.15   0.75     rf 0.793388 59.414966       0.008283                    0.510768
          0.15   1.00     rf 0.801653 59.452536       0.008747                    0.533071
          0.01   0.00     rf 0.545455 71.452605       0.002906                    1.002851
          0.03   0.75     rf 0.545455 66.313010       0.002931                    1.062445
          0.03   0.25     rf 0.578512 66.383342       0.002865                    1.087118
          0.01   1.00     rf 0.644628 71.032210       0.002884                    1.102572
          0.01   0.25     rf 0.652893 71.612130       0.003085                    1.108508
          0.03   0.00     rf 0.661157 66.491024       0.002897                    1.164215
          0.01   0.50 logreg 0.727273 71.244103       0.002879                    1.177572
=== SEED STABILITY SUMMARY (V6) ===
 payload_ratio  alpha  model  auc_mean  auc_std  acc_mean  acc_std
          0.10   0.00 logreg  0.790083 0.049793  0.727273 0.045455
          0.10   0.00     rf  0.730579 0.091769  0.690909 0.117656
          0.10   0.25 logreg  0.791736 0.050744  0.690909 0.059265
          0.10   0.25     rf  0.755372 0.039027  0.718182 0.059265
          0.10   0.50 logreg  0.814876 0.093611  0.700000 0.088607
          0.10   0.50     rf  0.742149 0.089851  0.672727 0.087434
          0.10   0.75 logreg  0.780165 0.062832  0.709091 0.104644
          0.10   0.75     rf  0.720661 0.072614  0.654545 0.060984
          0.10   1.00 logreg  0.760331 0.056658  0.709091 0.082572
          0.10   1.00     rf  0.730579 0.031794  0.727273 0.032141
          0.15   0.00 logreg  0.925620 0.022633  0.827273 0.049793
          0.15   0.00     rf  0.912397 0.052465  0.790909 0.094257
          0.15   0.25 logreg  0.932231 0.059136  0.836364 0.068935
          0.15   0.25     rf  0.885950 0.056779  0.790909 0.068935
          0.15   0.50 logreg  0.923967 0.052073  0.845455 0.060984
          0.15   0.50     rf  0.869421 0.115909  0.781818 0.121967
          0.15   0.75 logreg  0.909091 0.005844  0.800000 0.051826
          0.15   0.75     rf  0.882645 0.062231  0.800000 0.104644
          0.15   1.00 logreg  0.928926 0.019903  0.818182 0.055670
          0.15   1.00     rf  0.854545 0.062832  0.763636 0.087434
=== GLOBAL BEST CONFIGURATION (PAYLOAD-AWARE, UNCONSTRAINED) ===
{
  "payload_ratio": 0.01,
  "payload_regime": "low",
  "alpha": 0.0,
  "auc": 0.5991735537190083,
  "psnr": 71.45260452144824,
  "ber": 0.0,
  "mean_shift_l2": 0.002906068452369623,
  "fisher_separation": 0.040308344823794265,
  "js_lsb_mean": 0.00038855212359880775,
  "tradeoff_score_legacy": 0.0538316316843174,
  "tradeoff_score_payload_aware": 0.0538316316843174,
  "tradeoff_score_constrained": 1.0538316316843175
}
=== GLOBAL BEST CONFIGURATION (REALISTIC, PAYLOAD-CONSTRAINED) ===
{
  "payload_ratio": 0.05,
  "payload_regime": "medium",
  "alpha": 0.0,
  "auc": 0.640495867768595,
  "psnr": 64.20581774215356,
  "ber": 0.0,
  "mean_shift_l2": 0.003885648087426388,
  "fisher_separation": 0.059359956436904,
  "js_lsb_mean": 0.0003934466949997986,
  "tradeoff_score_legacy": 0.22360861708476287,
  "tradeoff_score_payload_aware": 0.18075147422762,
  "tradeoff_score_constrained": 0.18075147422762
}
=== NOTEBOOK STATUS ===
Methodology-aligned and pedagogically structured notebook v6 created successfully.
